0.3052285348272932 0.0 0.0 0.25246855114664124 0.0 
0.19966732725506817 0.39276893557798015 0.3203030964995174 0.2569542500232327 0.0 
0.014890398621586243 0.44608896620128724 0.34302450342292257 0.2904813142430683 0.0 
0.5601444339697519 0.21116518656186212 0.2535921859221308 0.0 0.0 
0.33161148780520994 0.0 0.0 0.0 0.0 
0.0 0.0 0.0 0.0 0.0 
0.0 0.0 0.0 0.0 0.0 
0.6372316910676237 0.2586756419517351 0.392509708408583 0.45899519465664185 0.0 
0.5310371836644836 0.09094054700419968 0.25636822205449333 0.06796049619248191 0.0 
0.0 0.0 0.0 0.0 0.0 
0.8774971983446695 0.48321441102609 0.07518744997062221 0.6576976384960987 0.0 
0.42387625591710953 0.3720869173596309 0.2589756995473285 0.7721385442572661 0.0 
0.257932105829135 0.2290341589459053 0.30892125734637393 0.6316568096652064 0.0 
0.0 0.0 0.0 0.0 0.0 
0.0 0.0 0.0 0.0 1.0 
0.0 0.0 0.0 0.0 0.0 
0.285540250360614 0.5819458697623179 0.4469576183690369 0.0 0.0 
0.2914314014287095 0.7016864552327939 0.3660736153868133 0.2604197794596053 0.0 
0.0 0.0 0.7446143201902378 0.0 0.0 
0.0 0.0 0.0 0.4888186255558865 0.0 
0.0 0.0 0.0 0.0 0.0 
0.0 0.0 0.0 0.0 0.0 
0.0 0.0 0.0 0.0 0.0 
0.0 0.0 0.0 0.0 0.0 
0.0 0.0 0.0 0.0 0.0 
