0.14479830557675047 0.29596314857118294 0.1459483251482514 0.0 0.0 
0.14708576529022843 0.34700440876973304 0.22461980883395566 0.12846190192423435 0.0 
0.25199008245349175 0.3739029552924964 0.1931731395643551 0.12438062280804059 0.0 
0.4012978954365889 0.2893753788519533 0.2928198995469903 0.19155631172717943 0.0 
0.04052487777992905 0.08254669054337367 0.1925971782952744 0.0 0.0 
0.0 0.0 0.0 0.0 0.0 
0.0 0.0 0.0 0.0 0.0 
0.45035337192334673 0.20226478015475333 0.3921178444366482 0.31234652409215513 0.0 
0.0 0.0 0.12990110189749127 0.0 0.0 
0.0 0.0 0.0 0.0 0.0 
0.6674530779272775 0.5190839563334195 0.0 0.0030099236719976297 0.0 
0.3963005023485916 0.38546860841609754 0.09926638860026535 0.5453407278619805 0.0 
0.0 0.0 0.0 0.0 0.0 
0.0 0.0 0.0 0.0 0.0 
0.7799370028168076 0.5029363878090473 0.17522281756679112 0.23906904357473396 0.0 
0.0 0.0 0.0 0.0 0.0 
0.08018703712878197 0.03489990662646585 0.034920698621200036 0.012414784073624036 0.0 
0.5648686396130758 0.0 0.03315491129514256 0.07206035087202642 0.0 
0.6839533854980451 0.8756569524561653 0.6032272680515708 0.40867687777847406 0.0 
0.0 0.0 0.0 0.0 1.0 
