0.0 0.0 0.0 0.0 0.0 
0.19369310445407767 0.43046720999999977 0.19371019238463294 0.0 0.0 
0.21523344493242813 0.4782968999999998 0.3208396490821652 0.3376817960996014 0.0 
0.5314409999999998 0.0 0.0 0.0 0.0 
0.0 0.0 0.0 0.0 0.0 
0.0 0.0 0.0 0.0 0.0 
0.0 0.0 0.0 0.0 0.0 
0.0 0.59049 0.23912644938369618 0.0 0.0 
0.6560999999999999 0.4191363372960092 0.295244999999957 0.3985124300108793 0.0 
0.0 0.0 0.0 0.0 0.0 
0.8999999999999999 0.3644999999999967 0.40499999999999997 0.40499999999999986 0.0 
0.0 0.0 0.0 0.8099999999999998 0.0 
0.35581362274065986 0.32804999999999995 0.0 0.7289999999999999 0.0 
0.0 0.0 0.0 0.0 0.0 
0.0 0.0 0.0 0.0 1.0 
0.0 0.0 0.0 0.0 0.0 
0.0 0.25628906250000005 0.0 0.0 0.0 
0.0 0.550546875 0.0 0.0 0.0 
0.0 0.0 0.8226562500000001 0.0 0.0 
0.0 0.0 0.0 0.0 0.0 
0.0 0.0 0.0 0.0 0.0 
0.0 0.0 0.0 0.0 0.0 
0.0 0.0 0.0 0.0 0.0 
0.0 0.0 0.0 0.0 0.0 
0.0 0.0 0.0 0.0 0.0 
