0.5207106015202363 0.12566697719370007 0.11797304778955062 0.05468518044615922 0.0 
0.0 0.0 0.1504169064972849 0.3619297578967122 0.0 
0.2966344204513819 0.0 0.0 0.0 0.0 
0.0 0.0 0.0 0.0 0.0 
0.58541753274383 0.3877442462880988 0.32029058167449626 0.4830903911389245 0.0 
0.0 0.0 0.0 0.0 0.0 
0.557470297339567 0.0 0.05752165889494602 0.0 0.0 
0.0 0.0 0.0 0.0 -0.9375 
0.5038016921077753 0.6270959544117827 0.463673962280307 0.4481497891046637 0.0 
0.0 0.7231618763670575 0.5605031563733993 0.46370776908013756 0.0 
0.3742762758322238 0.863192670527464 0.4719499272323692 0.32946916739495236 0.0 
0.0 0.0 0.0 0.0 1.0 
