0.04613788725100423 0.3874204889999998 0.17433922004999972 0.0 0.0 
0.19342596932685568 0.43046720999999977 0.0 0.0 0.0 
0.0 0.4782968999999998 0.0 0.0 0.0 
0.5314409999999998 0.3587212196286106 0.3585003168076623 0.322850278616065 0.0 
0.0 0.0 0.22560353917566356 0.0 0.0 
0.0 0.0 0.0 0.0 0.0 
0.0 0.0 0.0 0.0 0.0 
0.59049 0.2657204999999996 0.4185097857874883 0.39857988630177366 0.0 
0.0 0.0 0.0 0.0 0.0 
0.0 0.0 0.0 0.0 0.0 
0.7289999999999999 0.295245 0.32804958074967144 0.27166640625 0.0 
0.44286749999999975 0.0 0.0 0.6560999999999999 0.0 
0.0 0.0 0.0 0.0 0.0 
0.0 0.0 0.0 0.0 0.0 
0.8099999999999998 0.6378649191753719 0.0 0.5448089218139649 0.0 
0.0 0.0 0.0 0.0 0.0 
0.0 0.0 0.0 0.0 0.0 
0.0 0.0 0.0 0.0 0.0 
0.40499999999999997 0.8999999999999999 0.0 0.0 0.0 
0.0 0.0 0.0 0.0 1.0 
